0 0.499875 0.2975555555555556 0.13075 0.276
0 0.596375 0.22644444444444445 0.17675 0.24044444444444446
0 0.323 0.298 0.122 0.20577777777777778
0 0.8718750000000001 0.3048888888888889 0.14125000000000001 0.2853333333333333
0 0.433875 0.6 0.13475 0.2328888888888889
0 0.556 0.6782222222222223 0.1245 0.33066666666666666
0 0.245125 0.6293333333333334 0.23725000000000002 0.14933333333333335
0 0.71175 0.17022222222222222 0.055 0.11022222222222222
0 0.745375 0.2431111111111111 0.043250000000000004 0.09777777777777778
0 0.406 0.3855555555555556 0.039 0.084
