0 0.463125 0.6026666666666667 0.14325000000000002 0.23733333333333334
0 0.789125 0.6411111111111112 0.21175 0.2591111111111111
0 0.37425 0.30533333333333335 0.382 0.35555555555555557
0 0.577625 0.7457777777777778 0.11925000000000001 0.22844444444444445
0 0.371125 0.6828888888888889 0.10225000000000001 0.2644444444444445
0 0.249875 0.7111111111111111 0.05825 0.09422222222222222
0 0.46325 0.796 0.044 0.07733333333333334
0 0.24375 0.5597777777777778 0.077 0.19155555555555556
0 0.74125 0.31222222222222223 0.11850000000000001 0.16222222222222224
0 0.59575 0.4397777777777778 0.05 0.09644444444444444
0 0.5825 0.38177777777777777 0.051500000000000004 0.07911111111111112
