0 0.237125 0.554 0.22675 0.24844444444444447
0 0.71175 0.5762222222222223 0.1 0.09022222222222223
0 0.852625 0.7228888888888889 0.09375 0.1488888888888889
0 0.51975 0.6531111111111112 0.356 0.2866666666666667
0 0.36925 0.48311111111111116 0.0495 0.05866666666666667
0 0.579125 0.186 0.11975000000000001 0.08222222222222222
0 0.73 0.2922222222222222 0.0375 0.05377777777777778
0 0.807625 0.32866666666666666 0.07125000000000001 0.14800000000000002
0 0.863 0.4446666666666667 0.055 0.06533333333333334
0 0.7855 0.5691111111111111 0.031 0.05555555555555556
