0 0.68175 0.3446666666666667 0.309 0.25466666666666665
0 0.434 0.3268888888888889 0.082 0.23600000000000002
0 0.183625 0.644888888888889 0.01975 0.04
0 0.560625 0.6313333333333334 0.03725 0.09733333333333334
0 0.84 0.5233333333333333 0.0465 0.08844444444444445
0 0.26787500000000003 0.5822222222222222 0.06725 0.14577777777777778
0 0.29725 0.4226666666666667 0.0585 0.07822222222222222
0 0.414625 0.5913333333333334 0.15625 0.1408888888888889
0 0.528625 0.7142222222222222 0.03625 0.05777777777777778
0 0.55225 0.5226666666666667 0.0375 0.08
0 0.49075 0.44044444444444447 0.035500000000000004 0.05511111111111111
