0 0.23075 0.636 0.1295 0.19466666666666668
0 0.7615000000000001 0.634888888888889 0.11900000000000001 0.19333333333333333
0 0.206625 0.3488888888888889 0.18375 0.28800000000000003
0 0.370375 0.26533333333333337 0.15525 0.328
0 0.6505 0.39822222222222226 0.0465 0.12355555555555556
0 0.551125 0.26155555555555554 0.13225 0.13022222222222224
0 0.614625 0.5204444444444445 0.12575 0.10044444444444445
0 0.78 0.7624444444444445 0.085 0.08933333333333333
0 0.841375 0.442 0.10425 0.16666666666666669
0 0.362 0.6731111111111111 0.067 0.14266666666666666
