0 0.60175 0.31733333333333336 0.1685 0.29600000000000004
0 0.41450000000000004 0.7526666666666667 0.054 0.14444444444444446
0 0.566875 0.7117777777777778 0.13975 0.23866666666666667
0 0.419875 0.394 0.16125 0.29733333333333334
0 0.31175 0.67 0.043000000000000003 0.10977777777777778
0 0.78625 0.4613333333333334 0.106 0.08800000000000001
0 0.267625 0.4897777777777778 0.20475000000000002 0.20622222222222222
0 0.773625 0.6551111111111111 0.27225 0.2257777777777778
0 0.8905000000000001 0.41755555555555557 0.0535 0.1408888888888889
0 0.49225 0.634888888888889 0.11950000000000001 0.2048888888888889
