0 0.667125 0.6984444444444444 0.03775 0.05555555555555556
0 0.735625 0.7026666666666667 0.02425 0.04177777777777778
0 0.7488750000000001 0.6804444444444445 0.03125 0.05688888888888889
0 0.822125 0.6002222222222222 0.02375 0.03244444444444445
0 0.82725 0.5506666666666666 0.021500000000000002 0.044444444444444446
0 0.8043750000000001 0.5457777777777778 0.01875 0.044444444444444446
0 0.7691250000000001 0.5051111111111112 0.01875 0.03422222222222222
0 0.707125 0.4902222222222222 0.02425 0.032
0 0.700625 0.46 0.01925 0.025777777777777778
0 0.712125 0.39911111111111114 0.03125 0.044444444444444446
0 0.657625 0.36200000000000004 0.02075 0.027111111111111114
0 0.59575 0.530888888888889 0.036000000000000004 0.03955555555555556
0 0.65025 0.5211111111111112 0.0245 0.042222222222222223
0 0.8265 0.634 0.0145 0.027111111111111114
0 0.578375 0.6371111111111112 0.02775 0.052000000000000005
0 0.602375 0.6377777777777778 0.01725 0.035555555555555556
0 0.643 0.6424444444444445 0.0335 0.06177777777777778
0 0.696875 0.6288888888888889 0.01175 0.029333333333333336
0 0.718375 0.6131111111111112 0.01875 0.03333333333333333
0 0.7252500000000001 0.644 0.016 0.03822222222222223
0 0.71 0.6655555555555556 0.0145 0.027111111111111114
0 0.507125 0.6031111111111112 0.02425 0.03822222222222223
0 0.553 0.49644444444444447 0.023 0.04177777777777778
0 0.446375 0.38533333333333336 0.02075 0.04177777777777778
0 0.47500000000000003 0.34044444444444444 0.032 0.060444444444444446
0 0.567875 0.3611111111111111 0.02225 0.03333333333333333
0 0.5145 0.4415555555555556 0.039 0.11244444444444444
0 0.56475 0.4311111111111111 0.041 0.09866666666666667
0 0.460625 0.5593333333333333 0.04225 0.10355555555555557
0 0.414125 0.4564444444444445 0.02425 0.032
0 0.3755 0.4471111111111111 0.025 0.029333333333333336
0 0.35025 0.52 0.07150000000000001 0.08622222222222223
0 0.41075 0.5426666666666667 0.041 0.10755555555555556
0 0.258625 0.4902222222222222 0.02275 0.022222222222222223
0 0.299875 0.51 0.02225 0.03688888888888889
0 0.225875 0.45955555555555555 0.02425 0.032
0 0.41400000000000003 0.35755555555555557 0.0425 0.084
0 0.517 0.32422222222222224 0.0235 0.03866666666666667
