0 0.513375 0.5793333333333334 0.01875 0.025333333333333336
0 0.848625 0.508888888888889 0.01525 0.032
0 0.49012500000000003 0.9224444444444445 0.02775 0.052000000000000005
0 0.413125 0.7673333333333334 0.02625 0.05555555555555556
0 0.38175000000000003 0.7386666666666667 0.0305 0.051555555555555556
0 0.358875 0.39711111111111114 0.01675 0.04577777777777778
0 0.326 0.4026666666666667 0.0175 0.04177777777777778
0 0.325625 0.15155555555555555 0.01675 0.03822222222222223
0 0.293 0.12422222222222223 0.018000000000000002 0.026222222222222223
0 0.108375 0.3708888888888889 0.01525 0.03333333333333333
0 0.155375 0.654 0.03125 0.043111111111111114
0 0.197875 0.7442222222222222 0.02075 0.03333333333333333
0 0.27775 0.9197777777777778 0.043000000000000003 0.027111111111111114
0 0.3985 0.9026666666666667 0.0195 0.034666666666666665
0 0.29812500000000003 0.8595555555555556 0.02425 0.034666666666666665
0 0.244625 0.8773333333333334 0.01875 0.035555555555555556
0 0.618 0.8864444444444445 0.043500000000000004 0.07066666666666667
