0 0.432875 0.45022222222222225 0.03675 0.05777777777777778
0 0.593625 0.632888888888889 0.02225 0.060444444444444446
0 0.636 0.6471111111111112 0.051500000000000004 0.07911111111111112
0 0.676 0.6815555555555556 0.03 0.052000000000000005
0 0.354375 0.6453333333333333 0.029750000000000002 0.06311111111111112
0 0.29025 0.6028888888888889 0.0235 0.04666666666666667
0 0.2975 0.6515555555555556 0.025500000000000002 0.05066666666666667
0 0.2405 0.4106666666666667 0.016 0.025777777777777778
0 0.296375 0.4335555555555556 0.02075 0.027111111111111114
0 0.342 0.5644444444444445 0.016 0.029333333333333336
0 0.38225000000000003 0.5426666666666667 0.02 0.025777777777777778
0 0.325125 0.5946666666666667 0.021750000000000002 0.05066666666666667
0 0.20800000000000002 0.41444444444444445 0.023 0.04844444444444445
0 0.598875 0.7502222222222222 0.025750000000000002 0.035555555555555556
0 0.547 0.7075555555555556 0.077 0.064
0 0.225125 0.6151111111111112 0.025750000000000002 0.044444444444444446
0 0.728 0.6453333333333333 0.0425 0.04088888888888889
0 0.46625 0.638 0.021500000000000002 0.03333333333333333
0 0.416625 0.654 0.03625 0.043111111111111114
0 0.39125 0.7084444444444444 0.027 0.04088888888888889
0 0.49012500000000003 0.7471111111111112 0.01525 0.037333333333333336
0 0.274125 0.52 0.02775 0.044444444444444446
0 0.320375 0.37733333333333335 0.02425 0.043555555555555556
