0 0.648875 0.7051111111111111 0.03125 0.06177777777777778
0 0.55825 0.7144444444444444 0.046 0.07066666666666667
0 0.45375 0.6033333333333334 0.0245 0.04577777777777778
0 0.44225000000000003 0.6897777777777778 0.032 0.048
0 0.48812500000000003 0.7415555555555556 0.04425 0.05555555555555556
0 0.57175 0.8106666666666668 0.0465 0.05777777777777778
0 0.354125 0.7213333333333334 0.02925 0.11111111111111112
0 0.28700000000000003 0.7373333333333334 0.052000000000000005 0.04177777777777778
0 0.280375 0.4828888888888889 0.02225 0.03955555555555556
0 0.417 0.802 0.041 0.0928888888888889
0 0.49362500000000004 0.802 0.04875 0.043111111111111114
