0 0.658125 0.27044444444444443 0.03375 0.060888888888888895
0 0.274625 0.6457777777777778 0.02925 0.036444444444444446
0 0.49362500000000004 0.17755555555555558 0.04575 0.04577777777777778
0 0.688375 0.8102222222222223 0.03675 0.056
0 0.6185 0.6766666666666667 0.063 0.11955555555555557
0 0.478125 0.5471111111111111 0.02075 0.03288888888888889
0 0.5545 0.7133333333333334 0.028 0.04888888888888889
0 0.81925 0.7435555555555556 0.0165 0.04177777777777778
0 0.756 0.7011111111111111 0.029500000000000002 0.04844444444444445
0 0.6985 0.5855555555555556 0.02 0.03066666666666667
0 0.88025 0.3671111111111111 0.018000000000000002 0.04622222222222223
0 0.73575 0.8246666666666667 0.02 0.03688888888888889
0 0.776875 0.776 0.02525 0.04622222222222223
0 0.616 0.8673333333333334 0.025 0.03244444444444445
