0 0.252625 0.366 0.04425 0.060000000000000005
0 0.230625 0.4262222222222222 0.08025 0.0648888888888889
0 0.319875 0.3526666666666667 0.02325 0.07155555555555555
0 0.36125 0.37844444444444447 0.0565 0.09466666666666668
0 0.38225000000000003 0.2668888888888889 0.07 0.07155555555555555
0 0.52175 0.3526666666666667 0.021500000000000002 0.04577777777777778
0 0.466875 0.5013333333333334 0.043750000000000004 0.034666666666666665
0 0.400625 0.5391111111111111 0.02625 0.05333333333333334
0 0.25025000000000003 0.27555555555555555 0.0175 0.022222222222222223
0 0.50575 0.41200000000000003 0.0425 0.07288888888888889
