0 0.5730000000000001 0.39333333333333337 0.029500000000000002 0.0648888888888889
0 0.63275 0.43 0.0285 0.03955555555555556
0 0.35625 0.3855555555555556 0.024 0.027111111111111114
0 0.641 0.6028888888888889 0.02 0.03688888888888889
0 0.52025 0.4306666666666667 0.032 0.03822222222222223
0 0.24275 0.5071111111111112 0.017 0.025777777777777778
0 0.5405 0.6808888888888889 0.0265 0.02666666666666667
0 0.46775 0.6235555555555556 0.0185 0.03822222222222223
0 0.42425 0.530888888888889 0.02 0.02266666666666667
0 0.43975000000000003 0.6837777777777778 0.044 0.03155555555555556
