0 0.6168750000000001 0.47555555555555556 0.06025 0.04711111111111111
0 0.5895 0.5391111111111111 0.039 0.1297777777777778
0 0.626375 0.5746666666666667 0.03125 0.07022222222222223
0 0.6920000000000001 0.6362222222222222 0.0325 0.04933333333333333
0 0.77275 0.6068888888888889 0.025 0.04577777777777778
0 0.5495 0.7322222222222222 0.0395 0.06888888888888889
0 0.472875 0.536 0.02775 0.05422222222222223
0 0.511 0.5446666666666667 0.0265 0.03244444444444445
0 0.52775 0.48444444444444446 0.0405 0.05777777777777778
0 0.550875 0.5442222222222223 0.03675 0.04488888888888889
0 0.54825 0.6082222222222222 0.055 0.08311111111111112
0 0.3075 0.6342222222222222 0.0445 0.07022222222222223
