0 0.393 0.5704444444444444 0.036000000000000004 0.052000000000000005
0 0.3985 0.47355555555555556 0.025 0.036000000000000004
0 0.5856250000000001 0.43222222222222223 0.02425 0.03688888888888889
0 0.533625 0.5957777777777779 0.03675 0.08044444444444444
0 0.578 0.6244444444444445 0.02 0.07288888888888889
0 0.65025 0.47444444444444445 0.02 0.03955555555555556
0 0.6627500000000001 0.524888888888889 0.037 0.06666666666666667
0 0.604 0.6631111111111111 0.025 0.037333333333333336
0 0.46137500000000004 0.5880000000000001 0.02425 0.034666666666666665
0 0.598875 0.5235555555555556 0.021750000000000002 0.04177777777777778
0 0.547875 0.5224444444444445 0.02075 0.03422222222222222
