0 0.384 0.32866666666666666 0.0375 0.07422222222222223
0 0.321125 0.40022222222222226 0.01725 0.03422222222222222
0 0.376875 0.4504444444444445 0.02375 0.043111111111111114
0 0.39725 0.6537777777777778 0.025 0.03822222222222223
0 0.441375 0.6322222222222222 0.01725 0.029777777777777778
0 0.405125 0.736 0.01875 0.029333333333333336
0 0.476625 0.7180000000000001 0.025750000000000002 0.05288888888888889
0 0.669 0.638 0.016 0.043111111111111114
0 0.5796250000000001 0.45822222222222225 0.02375 0.03911111111111111
0 0.761375 0.7762222222222223 0.01875 0.036000000000000004
0 0.794 0.5175555555555555 0.03 0.06177777777777778
0 0.879125 0.5780000000000001 0.02775 0.06177777777777778
0 0.8572500000000001 0.516888888888889 0.0285 0.04533333333333334
0 0.739 0.40355555555555556 0.073 0.10755555555555556
