0 0.539 0.3626666666666667 0.034 0.04
0 0.683875 0.47311111111111115 0.02775 0.052000000000000005
0 0.602625 0.4317777777777778 0.03775 0.10977777777777778
0 0.504125 0.4624444444444445 0.02775 0.036000000000000004
0 0.45687500000000003 0.4488888888888889 0.02225 0.031111111111111114
0 0.43375 0.29244444444444445 0.062 0.043555555555555556
0 0.22425 0.41333333333333333 0.0195 0.028444444444444446
0 0.232125 0.5495555555555556 0.01875 0.03955555555555556
0 0.6128750000000001 0.6171111111111112 0.05375 0.04133333333333333
0 0.493375 0.394 0.029750000000000002 0.028
