0 0.763375 0.5137777777777778 0.02425 0.034666666666666665
0 0.767625 0.4428888888888889 0.01875 0.036000000000000004
0 0.71625 0.6242222222222222 0.0175 0.03333333333333333
0 0.665875 0.7735555555555556 0.03625 0.05555555555555556
0 0.516625 0.5404444444444445 0.02925 0.04088888888888889
0 0.511 0.4564444444444445 0.025 0.03822222222222223
0 0.45825 0.536 0.018000000000000002 0.034666666666666665
0 0.4965 0.5957777777777779 0.0265 0.03066666666666667
0 0.4555 0.7026666666666667 0.0335 0.04711111111111111
0 0.363875 0.6168888888888889 0.02925 0.06577777777777778
0 0.418 0.5324444444444445 0.0305 0.044444444444444446
