0 0.53925 0.4575555555555556 0.0465 0.1
0 0.5965 0.6162222222222222 0.043000000000000003 0.08133333333333334
0 0.5221250000000001 0.6435555555555555 0.03875 0.07644444444444445
0 0.531875 0.7477777777777778 0.03475 0.07777777777777778
0 0.4285 0.6908888888888889 0.0375 0.06266666666666668
0 0.84675 0.6633333333333333 0.0605 0.116
0 0.813875 0.5113333333333333 0.04025 0.0768888888888889
0 0.806875 0.3655555555555556 0.04175 0.07155555555555555
0 0.307125 0.7155555555555556 0.03825 0.05777777777777778
0 0.36612500000000003 0.34822222222222227 0.03125 0.06177777777777778
0 0.30325 0.5788888888888889 0.0445 0.10444444444444445
