0 0.742625 0.7826666666666667 0.07975 0.09511111111111112
0 0.624875 0.28644444444444445 0.05725 0.07777777777777778
0 0.45887500000000003 0.2748888888888889 0.05075 0.12311111111111112
0 0.386375 0.28911111111111115 0.05725 0.08755555555555555
0 0.408875 0.49288888888888893 0.043750000000000004 0.08888888888888889
0 0.401375 0.6717777777777778 0.04275 0.09111111111111111
0 0.293 0.44222222222222224 0.078 0.20977777777777779
0 0.17075 0.4897777777777778 0.0375 0.052444444444444446
0 0.276 0.6857777777777778 0.0335 0.05333333333333334
0 0.363375 0.762 0.035250000000000004 0.07422222222222223
0 0.31575000000000003 0.7577777777777778 0.0365 0.07111111111111111
0 0.180625 0.6146666666666667 0.02125 0.043555555555555556
