0 0.699125 0.2697777777777778 0.02225 0.05066666666666667
0 0.599875 0.2846666666666667 0.02925 0.05288888888888889
0 0.510375 0.3626666666666667 0.02775 0.048
0 0.542875 0.47800000000000004 0.02775 0.052000000000000005
0 0.543375 0.41755555555555557 0.03825 0.052000000000000005
0 0.474625 0.402 0.02425 0.058222222222222224
0 0.457125 0.3457777777777778 0.03125 0.06666666666666667
0 0.479125 0.24000000000000002 0.043750000000000004 0.08355555555555556
0 0.319375 0.3457777777777778 0.01925 0.04711111111111111
0 0.377625 0.5713333333333334 0.03325 0.051111111111111114
0 0.483625 0.638888888888889 0.01875 0.03333333333333333
0 0.6735 0.4446666666666667 0.021 0.04666666666666667
0 0.74225 0.48600000000000004 0.0335 0.068
0 0.80925 0.4186666666666667 0.0285 0.05688888888888889
0 0.6238750000000001 0.6817777777777778 0.02425 0.032
0 0.296375 0.28111111111111114 0.01525 0.026222222222222223
0 0.28225 0.5284444444444445 0.0785 0.1431111111111111
0 0.2155 0.5784444444444444 0.052000000000000005 0.13466666666666668
0 0.279125 0.36733333333333335 0.04825 0.092
0 0.297875 0.4386666666666667 0.02775 0.044444444444444446
0 0.577 0.6286666666666667 0.064 0.027111111111111114
0 0.818375 0.5286666666666667 0.06875 0.10622222222222223
0 0.8645 0.5064444444444445 0.0335 0.07155555555555555
