0 0.6627500000000001 0.4935555555555556 0.0425 0.05555555555555556
0 0.5815 0.394 0.035500000000000004 0.07866666666666668
0 0.76825 0.4717777777777778 0.0395 0.04666666666666667
0 0.515875 0.5637777777777778 0.02375 0.028
0 0.46137500000000004 0.26933333333333337 0.029750000000000002 0.04977777777777778
0 0.26625 0.4217777777777778 0.023 0.035555555555555556
0 0.238875 0.43533333333333335 0.02225 0.04044444444444445
0 0.26 0.4471111111111111 0.0175 0.029333333333333336
0 0.21175 0.3748888888888889 0.0165 0.03066666666666667
0 0.283625 0.6446666666666667 0.014750000000000001 0.03244444444444445
0 0.440875 0.6426666666666667 0.02225 0.04088888888888889
0 0.4655 0.5953333333333334 0.023 0.042222222222222223
0 0.194375 0.6582222222222223 0.01525 0.032
0 0.198875 0.7064444444444444 0.02825 0.03955555555555556
