0 0.543375 0.736 0.03675 0.05688888888888889
0 0.581125 0.8273333333333334 0.03475 0.05466666666666667
0 0.728125 0.36444444444444446 0.03125 0.04711111111111111
0 0.67275 0.4508888888888889 0.0445 0.08133333333333334
0 0.57975 0.29044444444444445 0.057 0.08488888888888889
0 0.5315 0.32022222222222224 0.0145 0.044000000000000004
0 0.57775 0.37244444444444447 0.0265 0.05066666666666667
0 0.51975 0.4057777777777778 0.0395 0.08
0 0.41550000000000004 0.43422222222222223 0.048 0.06311111111111112
0 0.41000000000000003 0.7224444444444444 0.016 0.042222222222222223
0 0.449625 0.8086666666666668 0.03125 0.06177777777777778
0 0.6168750000000001 0.39866666666666667 0.02625 0.060444444444444446
