0 0.272125 0.5846666666666667 0.02375 0.06533333333333334
0 0.391625 0.5780000000000001 0.03325 0.05466666666666667
0 0.36375 0.6515555555555556 0.039 0.11733333333333335
0 0.418 0.6593333333333333 0.0305 0.03688888888888889
0 0.462125 0.650888888888889 0.029750000000000002 0.06444444444444444
0 0.403375 0.35200000000000004 0.03075 0.04177777777777778
0 0.524625 0.4206666666666667 0.04225 0.09733333333333334
0 0.5135 0.49044444444444446 0.073 0.084
0 0.5125 0.5582222222222223 0.08750000000000001 0.064
0 0.486375 0.6137777777777778 0.04775 0.044444444444444446
0 0.437125 0.5848888888888889 0.04525 0.10488888888888889
0 0.579125 0.5182222222222223 0.02775 0.03822222222222223
0 0.577 0.5797777777777778 0.0335 0.05288888888888889
0 0.297875 0.5897777777777778 0.02375 0.07022222222222223
0 0.424875 0.5062222222222222 0.02925 0.05688888888888889
0 0.42662500000000003 0.36133333333333334 0.01725 0.05066666666666667
