0 0.56175 0.30044444444444446 0.096 0.13066666666666668
0 0.46900000000000003 0.43533333333333335 0.0285 0.068
0 0.384 0.4444444444444445 0.0265 0.044444444444444446
0 0.35275 0.7637777777777778 0.036000000000000004 0.06266666666666668
0 0.35100000000000003 0.31422222222222224 0.0325 0.060444444444444446
0 0.40375 0.3651111111111111 0.0505 0.068
0 0.27037500000000003 0.5506666666666666 0.03675 0.06933333333333333
0 0.206125 0.3928888888888889 0.02775 0.05422222222222223
0 0.26937500000000003 0.4537777777777778 0.03175 0.060444444444444446
0 0.32837500000000003 0.4555555555555556 0.07075000000000001 0.12177777777777779
0 0.295375 0.3755555555555556 0.02725 0.04711111111111111
0 0.212125 0.5762222222222223 0.02425 0.036000000000000004
0 0.230875 0.46266666666666667 0.04925 0.07288888888888889
0 0.17525000000000002 0.46555555555555556 0.0505 0.09644444444444444
0 0.292375 0.6926666666666667 0.11975000000000001 0.15244444444444444
0 0.163 0.6402222222222222 0.0625 0.10977777777777778
0 0.12537500000000001 0.5624444444444445 0.05625 0.06533333333333334
