0 0.729625 0.45022222222222225 0.04075 0.1128888888888889
0 0.779875 0.4653333333333334 0.02425 0.0648888888888889
0 0.82525 0.5271111111111111 0.015 0.03822222222222223
0 0.775625 0.6324444444444445 0.06275 0.05333333333333334
0 0.597375 0.47822222222222227 0.03075 0.09244444444444445
0 0.61525 0.31422222222222224 0.032 0.0648888888888889
0 0.657 0.3288888888888889 0.0395 0.10133333333333334
0 0.175625 0.5486666666666667 0.02275 0.058222222222222224
0 0.32775 0.4857777777777778 0.0315 0.05688888888888889
0 0.211375 0.48888888888888893 0.03425 0.05066666666666667
0 0.25175000000000003 0.44133333333333336 0.052000000000000005 0.10044444444444445
0 0.52925 0.5491111111111111 0.0285 0.03422222222222222
