0 0.67375 0.7066666666666667 0.0345 0.04266666666666667
0 0.671125 0.5117777777777778 0.03125 0.04577777777777778
0 0.625625 0.5840000000000001 0.059750000000000004 0.07644444444444445
0 0.594875 0.6637777777777778 0.02825 0.050222222222222224
0 0.5241250000000001 0.890888888888889 0.07225 0.10266666666666667
0 0.587375 0.9164444444444445 0.03625 0.06666666666666667
0 0.457625 0.7933333333333333 0.04025 0.07022222222222223
0 0.42425 0.8773333333333334 0.0415 0.06311111111111112
0 0.386 0.8471111111111111 0.029 0.04711111111111111
0 0.36375 0.664888888888889 0.043000000000000003 0.11733333333333335
0 0.414125 0.7248888888888889 0.043750000000000004 0.10133333333333334
0 0.375625 0.5491111111111111 0.03175 0.04577777777777778
0 0.42075 0.5568888888888889 0.032 0.06666666666666667
0 0.499625 0.5466666666666667 0.08975 0.12622222222222224
0 0.56125 0.644888888888889 0.034 0.04533333333333334
0 0.77075 0.7231111111111111 0.0235 0.03377777777777778
0 0.4375 0.6371111111111112 0.097 0.07866666666666668
0 0.5221250000000001 0.6726666666666667 0.03075 0.050222222222222224
0 0.28250000000000003 0.6248888888888889 0.025 0.04177777777777778
0 0.304625 0.5733333333333334 0.01425 0.028444444444444446
