0 0.3885 0.5242222222222223 0.0575 0.09111111111111111
0 0.437 0.6175555555555556 0.023 0.04666666666666667
0 0.40275 0.6088888888888889 0.0305 0.05422222222222223
0 0.369 0.6891111111111111 0.034 0.04666666666666667
0 0.28425 0.45622222222222225 0.041 0.07955555555555556
0 0.486 0.5093333333333333 0.0375 0.09244444444444445
0 0.42712500000000003 0.4391111111111111 0.06625 0.07644444444444445
0 0.341125 0.44133333333333336 0.02675 0.027555555555555555
0 0.31375000000000003 0.4168888888888889 0.0335 0.03377777777777778
0 0.302 0.5355555555555556 0.0375 0.05333333333333334
0 0.291875 0.618 0.02425 0.03333333333333333
0 0.30625 0.6671111111111111 0.043000000000000003 0.06311111111111112
0 0.575875 0.6026666666666667 0.025750000000000002 0.03911111111111111
0 0.399625 0.7211111111111111 0.03125 0.042222222222222223
0 0.509875 0.6855555555555556 0.02925 0.03422222222222222
