0 0.46175 0.2877777777777778 0.0375 0.04666666666666667
0 0.444 0.34955555555555556 0.02 0.03244444444444445
0 0.368375 0.4206666666666667 0.03825 0.05555555555555556
0 0.404875 0.3804444444444445 0.02775 0.04177777777777778
0 0.321375 0.5302222222222223 0.02475 0.031111111111111114
0 0.729125 0.5137777777777778 0.02625 0.05688888888888889
0 0.676 0.3393333333333334 0.0245 0.09911111111111112
0 0.613 0.2977777777777778 0.025 0.04177777777777778
0 0.554125 0.5057777777777778 0.02225 0.04088888888888889
0 0.519375 0.4637777777777778 0.03075 0.04844444444444445
0 0.40975 0.48355555555555557 0.025 0.04088888888888889
0 0.5485 0.2688888888888889 0.0195 0.028444444444444446
