0 0.5805 0.41444444444444445 0.03 0.04844444444444445
0 0.3935 0.32133333333333336 0.055 0.04711111111111111
0 0.593875 0.6197777777777778 0.09275 0.08755555555555555
0 0.48725 0.6091111111111112 0.067 0.08844444444444445
0 0.41450000000000004 0.4077777777777778 0.0185 0.03422222222222222
0 0.207875 0.5024444444444445 0.025750000000000002 0.03422222222222222
0 0.34600000000000003 0.5671111111111111 0.0235 0.03911111111111111
0 0.288125 0.6193333333333334 0.035250000000000004 0.02888888888888889
0 0.392 0.6188888888888889 0.0665 0.084
0 0.23875000000000002 0.5557777777777778 0.0405 0.05466666666666667
0 0.293875 0.4444444444444445 0.03375 0.03822222222222223
