0 0.235375 0.42933333333333334 0.02075 0.03288888888888889
0 0.274625 0.4508888888888889 0.01925 0.03333333333333333
0 0.64825 0.43644444444444447 0.027 0.04177777777777778
0 0.3855 0.4295555555555556 0.067 0.09377777777777778
0 0.435375 0.34755555555555556 0.01825 0.031111111111111114
0 0.483875 0.33266666666666667 0.01925 0.03066666666666667
0 0.4475 0.3086666666666667 0.0195 0.028
0 0.576375 0.4246666666666667 0.08025 0.10355555555555557
0 0.558875 0.34355555555555556 0.043750000000000004 0.04711111111111111
0 0.450625 0.5555555555555556 0.07125000000000001 0.128
0 0.45987500000000003 0.47311111111111115 0.02725 0.04666666666666667
0 0.50025 0.46111111111111114 0.025 0.04577777777777778
