0 0.491875 0.26733333333333337 0.043750000000000004 0.08755555555555555
0 0.6755 0.368 0.075 0.1431111111111111
0 0.812125 0.4895555555555556 0.05625 0.1
0 0.745375 0.3151111111111111 0.04525 0.064
0 0.589 0.18444444444444447 0.055 0.07644444444444445
0 0.512125 0.11933333333333333 0.05625 0.04577777777777778
0 0.29962500000000003 0.16 0.029750000000000002 0.05333333333333334
0 0.536375 0.5657777777777778 0.04675 0.05688888888888889
0 0.468625 0.5488888888888889 0.04175 0.05777777777777778
0 0.497375 0.6642222222222223 0.11475 0.1248888888888889
0 0.6255000000000001 0.6057777777777779 0.0765 0.11377777777777778
0 0.70025 0.6464444444444445 0.041 0.068
0 0.725625 0.5593333333333333 0.09575 0.09644444444444444
