0 0.471375 0.7557777777777778 0.02925 0.059111111111111114
0 0.7242500000000001 0.4786666666666667 0.021 0.03822222222222223
0 0.355875 0.5304444444444445 0.03275 0.04577777777777778
0 0.269 0.4311111111111111 0.027 0.051555555555555556
0 0.29575 0.4411111111111111 0.022 0.03955555555555556
0 0.3245 0.45955555555555555 0.023 0.04711111111111111
0 0.295625 0.5151111111111112 0.04725 0.07644444444444445
0 0.23575000000000002 0.4995555555555556 0.041 0.06311111111111112
0 0.17350000000000002 0.5877777777777778 0.021 0.03955555555555556
0 0.20375000000000001 0.6044444444444445 0.021500000000000002 0.048
0 0.235625 0.6206666666666667 0.025750000000000002 0.06533333333333334
0 0.280875 0.626 0.01725 0.04933333333333333
0 0.314125 0.8273333333333334 0.03275 0.04666666666666667
0 0.386 0.8926666666666667 0.021 0.04933333333333333
0 0.477625 0.8495555555555556 0.04025 0.09111111111111111
0 0.13675 0.552 0.0375 0.051555555555555556
0 0.31075 0.34955555555555556 0.034 0.04666666666666667
0 0.445 0.3257777777777778 0.0555 0.08711111111111111
0 0.166875 0.48333333333333334 0.03925 0.060000000000000005
