0 0.704125 0.4717777777777778 0.02925 0.059111111111111114
0 0.6940000000000001 0.39955555555555555 0.0285 0.05333333333333334
0 0.6218750000000001 0.2928888888888889 0.02725 0.05422222222222223
0 0.787875 0.6208888888888889 0.03425 0.04888888888888889
0 0.67275 0.7144444444444444 0.032 0.04044444444444445
0 0.573875 0.6402222222222222 0.03825 0.06533333333333334
0 0.583 0.7242222222222222 0.059000000000000004 0.08488888888888889
0 0.538125 0.6495555555555556 0.02775 0.052000000000000005
0 0.499625 0.6571111111111111 0.043750000000000004 0.059111111111111114
0 0.4995 0.5766666666666667 0.034 0.07155555555555555
0 0.47625 0.516888888888889 0.0235 0.05777777777777778
0 0.565875 0.47933333333333333 0.03075 0.052000000000000005
0 0.507875 0.4786666666666667 0.02275 0.05333333333333334
0 0.59075 0.3486666666666667 0.0525 0.051111111111111114
0 0.55 0.2937777777777778 0.075 0.056
0 0.46137500000000004 0.4255555555555556 0.03975 0.08044444444444444
0 0.43975000000000003 0.6515555555555556 0.0285 0.060444444444444446
0 0.3985 0.4697777777777778 0.029 0.060444444444444446
0 0.416625 0.3526666666666667 0.01675 0.036000000000000004
0 0.427 0.31377777777777777 0.018000000000000002 0.034666666666666665
0 0.394625 0.33111111111111113 0.01325 0.037333333333333336
0 0.36975 0.516888888888889 0.03 0.048
0 0.371625 0.5753333333333334 0.01725 0.05466666666666667
0 0.35925 0.6453333333333333 0.02 0.05777777777777778
0 0.301875 0.6006666666666667 0.03775 0.09022222222222223
0 0.335 0.6828888888888889 0.027 0.05644444444444445
0 0.23425 0.502 0.03 0.03066666666666667
0 0.287875 0.396 0.07675 0.14933333333333335
0 0.265125 0.5531111111111111 0.02225 0.027111111111111114
0 0.471125 0.7260000000000001 0.08825 0.059111111111111114
