0 0.453 0.4231111111111111 0.035500000000000004 0.060444444444444446
0 0.4295 0.5502222222222223 0.023 0.028444444444444446
0 0.448625 0.5928888888888889 0.02225 0.034666666666666665
0 0.537375 0.6297777777777778 0.01825 0.02488888888888889
0 0.702625 0.6391111111111112 0.02225 0.043555555555555556
0 0.605375 0.48733333333333334 0.02225 0.03333333333333333
0 0.580125 0.4242222222222222 0.021750000000000002 0.04844444444444445
0 0.29475 0.4971111111111111 0.016 0.026222222222222223
0 0.32975 0.3522222222222222 0.0165 0.027111111111111114
0 0.32837500000000003 0.6315555555555555 0.01525 0.028444444444444446
0 0.678625 0.7771111111111112 0.06775 0.051111111111111114
0 0.4635 0.7873333333333333 0.0175 0.03333333333333333
0 0.70725 0.7175555555555556 0.027 0.059111111111111114
0 0.656875 0.3568888888888889 0.08625000000000001 0.11111111111111112
0 0.591125 0.3562222222222222 0.03125 0.03333333333333333
0 0.52525 0.3828888888888889 0.02 0.027111111111111114
0 0.5065000000000001 0.3846666666666667 0.0175 0.03066666666666667
0 0.4645 0.2957777777777778 0.0125 0.02088888888888889
0 0.49025 0.3188888888888889 0.0125 0.017333333333333333
0 0.38225000000000003 0.4182222222222222 0.0105 0.018666666666666668
0 0.5145 0.8275555555555556 0.0195 0.022222222222222223
0 0.583375 0.3091111111111111 0.05625 0.05644444444444445
