0 0.35025 0.7495555555555556 0.048 0.06888888888888889
0 0.3805 0.41311111111111115 0.032 0.05555555555555556
0 0.45825 0.35200000000000004 0.028 0.05688888888888889
0 0.48525 0.36933333333333335 0.0305 0.06133333333333334
0 0.463125 0.45822222222222225 0.04575 0.06933333333333333
0 0.8415 0.3755555555555556 0.0375 0.05422222222222223
0 0.626625 0.2797777777777778 0.07725 0.09733333333333334
0 0.686 0.33355555555555555 0.082 0.11333333333333334
0 0.494875 0.2488888888888889 0.02375 0.04266666666666667
0 0.610625 0.4068888888888889 0.07425 0.1
0 0.565625 0.3348888888888889 0.01875 0.03688888888888889
