0 0.419625 0.4802222222222223 0.06175 0.06622222222222222
0 0.4335 0.640888888888889 0.034 0.04711111111111111
0 0.450375 0.8073333333333333 0.03425 0.04488888888888889
0 0.368375 0.394 0.029750000000000002 0.03688888888888889
0 0.2995 0.48044444444444445 0.035500000000000004 0.04977777777777778
0 0.3215 0.6586666666666667 0.063 0.11733333333333335
0 0.24775 0.6980000000000001 0.074 0.04488888888888889
0 0.267625 0.5613333333333334 0.02425 0.031111111111111114
0 0.247875 0.4848888888888889 0.02625 0.04088888888888889
0 0.253875 0.7691111111111112 0.04875 0.04577777777777778
