0 0.39137500000000003 0.7028888888888889 0.03125 0.05466666666666667
0 0.822375 0.6255555555555555 0.05225 0.09466666666666668
0 0.89025 0.5786666666666667 0.015 0.04177777777777778
0 0.891375 0.4368888888888889 0.02875 0.05066666666666667
0 0.18787500000000001 0.5957777777777779 0.05575 0.06355555555555556
0 0.187375 0.47755555555555557 0.01225 0.025333333333333336
0 0.4395 0.7993333333333333 0.0265 0.05466666666666667
0 0.5935 0.5746666666666667 0.05 0.05688888888888889
0 0.606375 0.68 0.02125 0.032
0 0.38625 0.8035555555555556 0.025500000000000002 0.03822222222222223
