0 0.28500000000000003 0.6088888888888889 0.0245 0.04177777777777778
0 0.298 0.5477777777777778 0.0155 0.03333333333333333
0 0.256 0.5413333333333333 0.02 0.028444444444444446
0 0.248 0.48333333333333334 0.0235 0.026222222222222223
0 0.28550000000000003 0.49444444444444446 0.023 0.023555555555555555
0 0.305625 0.4537777777777778 0.03875 0.052444444444444446
0 0.28025 0.3695555555555556 0.0415 0.07866666666666668
0 0.24025 0.3626666666666667 0.0125 0.025777777777777778
0 0.273875 0.436 0.02625 0.04977777777777778
0 0.34900000000000003 0.3717777777777778 0.0345 0.03066666666666667
0 0.344375 0.3393333333333334 0.00875 0.02088888888888889
0 0.35775 0.41800000000000004 0.027 0.058222222222222224
0 0.37325 0.314 0.0195 0.02
0 0.541625 0.4033333333333334 0.02675 0.043111111111111114
0 0.5105000000000001 0.5044444444444445 0.014 0.031111111111111114
0 0.587 0.5044444444444445 0.0125 0.031111111111111114
0 0.587 0.5931111111111111 0.0375 0.04844444444444445
0 0.525375 0.6566666666666667 0.035750000000000004 0.04044444444444445
0 0.555 0.6197777777777778 0.042 0.043111111111111114
0 0.361375 0.6377777777777778 0.02025 0.029333333333333336
0 0.383375 0.6462222222222223 0.01875 0.03911111111111111
0 0.38875 0.6813333333333333 0.0285 0.029333333333333336
0 0.39125 0.5553333333333333 0.015 0.028
0 0.458 0.4895555555555556 0.0225 0.06977777777777779
0 0.47550000000000003 0.4557777777777778 0.0205 0.03422222222222222
0 0.49025 0.4013333333333334 0.013000000000000001 0.02488888888888889
0 0.499375 0.35511111111111116 0.01925 0.029333333333333336
0 0.20275 0.4906666666666667 0.0235 0.036444444444444446
0 0.20525000000000002 0.4 0.009000000000000001 0.018666666666666668
0 0.182625 0.45422222222222225 0.01575 0.029333333333333336
0 0.486375 0.5531111111111111 0.012750000000000001 0.04577777777777778
0 0.431375 0.3804444444444445 0.02825 0.04977777777777778
0 0.4185 0.4237777777777778 0.035 0.035111111111111114
0 0.403875 0.382 0.01825 0.050222222222222224
