0 0.7195 0.48333333333333334 0.0265 0.04933333333333333
0 0.63925 0.5157777777777778 0.0285 0.06355555555555556
0 0.4655 0.29133333333333333 0.043500000000000004 0.06622222222222222
0 0.539125 0.4108888888888889 0.07425 0.060000000000000005
0 0.388125 0.44333333333333336 0.08775000000000001 0.09377777777777778
0 0.3295 0.522 0.035 0.04844444444444445
0 0.389125 0.5344444444444445 0.02425 0.03688888888888889
0 0.30925 0.5853333333333334 0.0415 0.05333333333333334
0 0.62525 0.6635555555555556 0.0335 0.029333333333333336
0 0.568875 0.6344444444444445 0.02375 0.03688888888888889
