0 0.626625 0.6435555555555555 0.03125 0.05688888888888889
0 0.70375 0.4335555555555556 0.027 0.059111111111111114
0 0.615625 0.39711111111111114 0.03125 0.06266666666666668
0 0.67 0.7368888888888889 0.035 0.08800000000000001
0 0.71275 0.7631111111111112 0.041 0.06933333333333333
0 0.317375 0.6828888888888889 0.02775 0.04933333333333333
0 0.36025 0.768888888888889 0.0665 0.04
0 0.380125 0.26866666666666666 0.02275 0.043111111111111114
0 0.49062500000000003 0.2971111111111111 0.03125 0.04577777777777778
0 0.444 0.1988888888888889 0.012 0.052000000000000005
0 0.14400000000000002 0.5155555555555555 0.0325 0.048
0 0.175625 0.6506666666666667 0.07075000000000001 0.10133333333333334
0 0.5690000000000001 0.2346666666666667 0.027 0.032
