0 0.292625 0.6513333333333333 0.02725 0.043111111111111114
0 0.240875 0.6842222222222223 0.02075 0.03955555555555556
0 0.20375000000000001 0.5811111111111111 0.013000000000000001 0.03333333333333333
0 0.183875 0.6033333333333334 0.02075 0.036000000000000004
0 0.16275 0.562 0.0145 0.02
0 0.177375 0.4786666666666667 0.01875 0.03822222222222223
0 0.270625 0.47155555555555556 0.02825 0.04533333333333334
0 0.3055 0.3397777777777778 0.0195 0.027111111111111114
0 0.326375 0.3755555555555556 0.04575 0.05422222222222223
0 0.303 0.436 0.0145 0.02488888888888889
0 0.32075 0.4828888888888889 0.0095 0.02
0 0.309625 0.554 0.01825 0.043111111111111114
0 0.38925 0.5828888888888889 0.021500000000000002 0.03422222222222222
0 0.381125 0.6464444444444445 0.02225 0.04577777777777778
0 0.41975 0.6422222222222222 0.0145 0.032
0 0.403375 0.7273333333333334 0.02775 0.042222222222222223
0 0.557875 0.6471111111111112 0.01725 0.03911111111111111
0 0.6491250000000001 0.6902222222222223 0.02225 0.04177777777777778
0 0.66825 0.5057777777777778 0.0285 0.060444444444444446
0 0.633 0.5006666666666667 0.016 0.03333333333333333
0 0.58675 0.446 0.0165 0.029777777777777778
0 0.5875 0.49533333333333335 0.0125 0.03688888888888889
0 0.6541250000000001 0.3846666666666667 0.01375 0.04577777777777778
0 0.6305000000000001 0.3711111111111111 0.025 0.028444444444444446
0 0.59325 0.3868888888888889 0.0305 0.03422222222222222
0 0.535 0.35200000000000004 0.0175 0.029333333333333336
0 0.54725 0.30822222222222223 0.05 0.058222222222222224
0 0.511 0.3075555555555556 0.0265 0.04711111111111111
0 0.4975 0.36933333333333335 0.021500000000000002 0.044444444444444446
0 0.46 0.4377777777777778 0.021500000000000002 0.05066666666666667
0 0.464875 0.36244444444444446 0.035250000000000004 0.08044444444444444
0 0.46387500000000004 0.3071111111111111 0.01525 0.04088888888888889
0 0.413375 0.3217777777777778 0.02425 0.025777777777777778
0 0.4225 0.5017777777777778 0.0245 0.05777777777777778
0 0.41675 0.45222222222222225 0.0285 0.03955555555555556
0 0.40725 0.4093333333333333 0.03 0.048
0 0.37525000000000003 0.372 0.0535 0.13333333333333333
0 0.41075 0.7871111111111111 0.0535 0.05066666666666667
0 0.351625 0.7731111111111112 0.03125 0.027111111111111114
0 0.080125 0.5064444444444445 0.02025 0.027111111111111114
0 0.10262500000000001 0.5273333333333333 0.01675 0.03688888888888889
0 0.11862500000000001 0.5402222222222223 0.01525 0.036000000000000004
0 0.6168750000000001 0.6842222222222223 0.025750000000000002 0.052000000000000005
0 0.229 0.5664444444444444 0.0195 0.07777777777777778
0 0.388375 0.5051111111111112 0.03825 0.04933333333333333
0 0.538875 0.754 0.02075 0.036000000000000004
