0 0.483625 0.4377777777777778 0.025750000000000002 0.048
0 0.604125 0.6193333333333334 0.05425 0.036000000000000004
0 0.493375 0.5713333333333334 0.025750000000000002 0.043111111111111114
0 0.5367500000000001 0.5760000000000001 0.029 0.04088888888888889
0 0.552125 0.4688888888888889 0.03775 0.07288888888888889
0 0.602 0.4797777777777778 0.022 0.04044444444444445
0 0.515 0.4066666666666667 0.03 0.10222222222222223
0 0.421125 0.3851111111111111 0.04525 0.08488888888888889
0 0.386375 0.5637777777777778 0.06875 0.09733333333333334
0 0.442625 0.5748888888888889 0.03675 0.03333333333333333
0 0.371375 0.41244444444444445 0.04175 0.08622222222222223
0 0.27775 0.5026666666666667 0.032 0.04977777777777778
0 0.30925 0.534888888888889 0.0325 0.09377777777777778
0 0.353375 0.48600000000000004 0.04725 0.058222222222222224
0 0.33087500000000003 0.6257777777777778 0.05325 0.04888888888888889
