0 0.131875 0.3771111111111111 0.03775 0.07866666666666668
0 0.270625 0.3671111111111111 0.03875 0.064
0 0.35425 0.3048888888888889 0.037 0.08888888888888889
0 0.69775 0.34822222222222227 0.023 0.03422222222222222
0 0.815125 0.30088888888888893 0.01975 0.03288888888888889
0 0.559625 0.7684444444444445 0.02775 0.05333333333333334
0 0.5685 0.6351111111111112 0.0245 0.03288888888888889
0 0.526 0.562 0.0305 0.04933333333333333
0 0.513 0.4577777777777778 0.0235 0.04711111111111111
0 0.55 0.13422222222222221 0.021500000000000002 0.034666666666666665
0 0.603875 0.21733333333333335 0.03225 0.05066666666666667
0 0.5775 0.26422222222222225 0.025 0.04044444444444445
0 0.564625 0.35311111111111115 0.02225 0.03333333333333333
0 0.47275 0.26666666666666666 0.0285 0.06311111111111112
