0 0.596875 0.44333333333333336 0.043750000000000004 0.05644444444444445
0 0.6551250000000001 0.45333333333333337 0.02025 0.029333333333333336
0 0.659625 0.3977777777777778 0.02225 0.02488888888888889
0 0.688125 0.5471111111111111 0.03175 0.04177777777777778
0 0.73 0.6206666666666667 0.0525 0.052000000000000005
0 0.81975 0.5848888888888889 0.0325 0.048
0 0.77775 0.5082222222222222 0.018000000000000002 0.026222222222222223
0 0.494 0.6691111111111111 0.0325 0.06888888888888889
0 0.5735 0.7335555555555556 0.0375 0.06888888888888889
0 0.733875 0.744 0.02775 0.04088888888888889
0 0.72875 0.4395555555555556 0.027 0.044444444444444446
