0 0.406875 0.5624444444444445 0.03175 0.043111111111111114
0 0.403125 0.45955555555555555 0.025750000000000002 0.05422222222222223
0 0.35962500000000003 0.656888888888889 0.02225 0.04711111111111111
0 0.33225 0.5575555555555556 0.021500000000000002 0.04044444444444445
0 0.32625 0.49088888888888893 0.025 0.04844444444444445
0 0.2665 0.41444444444444445 0.025 0.04044444444444445
0 0.35475 0.40644444444444444 0.018000000000000002 0.04666666666666667
0 0.37775000000000003 0.40622222222222226 0.0125 0.022222222222222223
0 0.32837500000000003 0.6273333333333334 0.01925 0.03688888888888889
0 0.239125 0.5186666666666667 0.03275 0.032
0 0.226 0.5513333333333333 0.02 0.03333333333333333
0 0.2155 0.39355555555555555 0.0175 0.043111111111111114
