0 0.794625 0.6571111111111111 0.03225 0.05733333333333333
0 0.49562500000000004 0.5668888888888889 0.02725 0.03688888888888889
0 0.43525 0.5377777777777778 0.022 0.032
0 0.285375 0.44133333333333336 0.04925 0.059555555555555556
0 0.338875 0.508 0.02775 0.043555555555555556
0 0.583125 0.7542222222222222 0.02925 0.07111111111111111
0 0.15987500000000002 0.5597777777777778 0.03025 0.06533333333333334
0 0.242875 0.5397777777777778 0.08425 0.07866666666666668
0 0.38275000000000003 0.6304444444444445 0.033 0.03955555555555556
0 0.344875 0.6864444444444445 0.03275 0.060000000000000005
0 0.41825 0.7295555555555556 0.035 0.04666666666666667
0 0.47675 0.76 0.028 0.04711111111111111
0 0.19137500000000002 0.3528888888888889 0.07025 0.08355555555555556
