0 0.56525 0.5797777777777778 0.05 0.08755555555555555
0 0.577625 0.8211111111111111 0.04175 0.042222222222222223
0 0.800875 0.6644444444444445 0.03825 0.064
0 0.847125 0.6297777777777778 0.04725 0.10400000000000001
0 0.748625 0.4922222222222222 0.051250000000000004 0.12666666666666668
0 0.716 0.32022222222222224 0.0265 0.05288888888888889
0 0.68525 0.4188888888888889 0.065 0.08933333333333333
0 0.567875 0.3508888888888889 0.02775 0.042222222222222223
0 0.47950000000000004 0.33955555555555555 0.0395 0.07911111111111112
0 0.447125 0.38666666666666666 0.04575 0.06933333333333333
0 0.454 0.1488888888888889 0.0625 0.08977777777777778
0 0.36412500000000003 0.5902222222222222 0.01875 0.044444444444444446
0 0.288375 0.6375555555555555 0.03125 0.05288888888888889
0 0.33187500000000003 0.8180000000000001 0.01925 0.043111111111111114
0 0.1885 0.678 0.02 0.05466666666666667
0 0.377375 0.27555555555555555 0.03675 0.051555555555555556
