0 0.401 0.512 0.034 0.05777777777777778
0 0.49125 0.5286666666666667 0.037 0.04666666666666667
0 0.43425 0.4157777777777778 0.0575 0.068
0 0.38325000000000004 0.3397777777777778 0.029 0.042222222222222223
0 0.524875 0.45333333333333337 0.01675 0.04711111111111111
0 0.50125 0.42244444444444446 0.0265 0.03955555555555556
0 0.567625 0.47244444444444444 0.06875 0.1297777777777778
0 0.543625 0.5884444444444444 0.06525 0.06755555555555556
0 0.599625 0.6082222222222222 0.03825 0.04577777777777778
0 0.6158750000000001 0.5002222222222222 0.03325 0.08133333333333334
0 0.65075 0.5871111111111111 0.045 0.07022222222222223
0 0.308625 0.4242222222222222 0.02275 0.036000000000000004
0 0.43925000000000003 0.33755555555555555 0.0535 0.05466666666666667
