0 0.741625 0.5595555555555556 0.05075 0.10044444444444445
0 0.6935 0.6604444444444445 0.0385 0.07377777777777778
0 0.82125 0.6960000000000001 0.03 0.07644444444444445
0 0.574625 0.896 0.06925 0.0648888888888889
0 0.5710000000000001 0.3626666666666667 0.0605 0.04711111111111111
0 0.624625 0.5008888888888889 0.02225 0.044444444444444446
0 0.32825 0.32733333333333337 0.112 0.10444444444444445
0 0.45637500000000003 0.6844444444444445 0.15425 0.15466666666666667
0 0.48862500000000003 0.5531111111111111 0.07075000000000001 0.10533333333333333
0 0.581375 0.7562222222222222 0.03125 0.03955555555555556
0 0.330625 0.7200000000000001 0.03875 0.12711111111111112
0 0.27275 0.7422222222222222 0.037 0.04977777777777778
0 0.28925 0.5706666666666667 0.063 0.10400000000000001
0 0.348875 0.4557777777777778 0.17075 0.09911111111111112
0 0.356 0.5428888888888889 0.0465 0.06444444444444444
