0 0.325625 0.4977777777777778 0.02625 0.044444444444444446
0 0.33475 0.6731111111111111 0.034 0.09733333333333334
0 0.503125 0.4486666666666667 0.01725 0.03955555555555556
0 0.429 0.636 0.025 0.04177777777777778
0 0.40925 0.678 0.023 0.042222222222222223
0 0.451 0.7493333333333334 0.027 0.052444444444444446
0 0.23325 0.3846666666666667 0.0235 0.036000000000000004
0 0.20375000000000001 0.5588888888888889 0.025500000000000002 0.04044444444444445
0 0.101375 0.5495555555555556 0.02925 0.06444444444444444
0 0.061375 0.47355555555555556 0.04925 0.04577777777777778
0 0.285625 0.7513333333333334 0.03675 0.058222222222222224
