0 0.507125 0.2997777777777778 0.07575 0.12222222222222223
0 0.42375 0.33555555555555555 0.0605 0.12444444444444445
0 0.33137500000000003 0.16644444444444445 0.03875 0.04844444444444445
0 0.307375 0.31244444444444447 0.03775 0.07377777777777778
0 0.36562500000000003 0.6191111111111112 0.04125 0.11555555555555556
0 0.36175 0.7562222222222222 0.052000000000000005 0.07777777777777778
0 0.242875 0.3528888888888889 0.05425 0.10666666666666667
0 0.291375 0.49533333333333335 0.04425 0.11955555555555557
0 0.171375 0.3617777777777778 0.03875 0.05333333333333334
0 0.186125 0.45311111111111113 0.017750000000000002 0.052000000000000005
0 0.23325 0.5351111111111111 0.058 0.05422222222222223
