0 0.5095000000000001 0.34755555555555556 0.0365 0.044444444444444446
0 0.5806250000000001 0.6615555555555556 0.04425 0.051111111111111114
0 0.4045 0.3397777777777778 0.0335 0.06711111111111111
0 0.373875 0.4806666666666667 0.02775 0.04933333333333333
0 0.36725 0.5884444444444444 0.0315 0.05511111111111111
0 0.327875 0.6502222222222223 0.05575 0.043555555555555556
0 0.285375 0.6031111111111112 0.01925 0.035555555555555556
0 0.217375 0.47400000000000003 0.02225 0.025333333333333336
0 0.29812500000000003 0.48200000000000004 0.04775 0.06977777777777779
0 0.301375 0.40711111111111115 0.05725 0.0648888888888889
0 0.355125 0.34444444444444444 0.02925 0.060444444444444446
