0 0.6723750000000001 0.5304444444444445 0.02775 0.06977777777777779
0 0.634875 0.5820000000000001 0.03075 0.05466666666666667
0 0.566375 0.5173333333333333 0.02275 0.04266666666666667
0 0.54675 0.6135555555555556 0.038 0.060888888888888895
0 0.392125 0.4906666666666667 0.04725 0.06933333333333333
0 0.49212500000000003 0.4033333333333334 0.025750000000000002 0.05733333333333333
0 0.453625 0.39666666666666667 0.04275 0.06533333333333334
0 0.503875 0.558 0.03225 0.06977777777777779
0 0.511375 0.46355555555555555 0.15425 0.048
0 0.399625 0.5868888888888889 0.02775 0.025333333333333336
0 0.457 0.6266666666666667 0.021500000000000002 0.032
0 0.616 0.45533333333333337 0.0335 0.04666666666666667
0 0.551625 0.3837777777777778 0.02675 0.10711111111111112
0 0.5916250000000001 0.33644444444444443 0.02225 0.035555555555555556
0 0.642625 0.5322222222222223 0.02925 0.04488888888888889
0 0.61575 0.516 0.017 0.027555555555555555
0 0.453625 0.3377777777777778 0.02825 0.027555555555555555
0 0.468875 0.5740000000000001 0.03075 0.06355555555555556
