0 0.39787500000000003 0.5382222222222223 0.04725 0.08622222222222223
0 0.45725 0.5242222222222223 0.043000000000000003 0.08488888888888889
0 0.4355 0.40755555555555556 0.047 0.16444444444444445
0 0.4805 0.37977777777777777 0.05 0.09022222222222223
0 0.496375 0.46511111111111114 0.05275 0.058222222222222224
0 0.504375 0.5573333333333333 0.04675 0.10933333333333334
0 0.5750000000000001 0.5786666666666667 0.057 0.14666666666666667
0 0.544 0.38422222222222224 0.066 0.13822222222222222
0 0.3225 0.6693333333333333 0.0425 0.07644444444444445
0 0.320625 0.5691111111111111 0.051250000000000004 0.08311111111111112
0 0.379375 0.40044444444444444 0.05625 0.1528888888888889
0 0.305375 0.33533333333333337 0.07325 0.12222222222222223
0 0.23425 0.3537777777777778 0.048 0.10488888888888889
0 0.178625 0.39422222222222225 0.07525 0.12177777777777779
0 0.13225 0.5384444444444445 0.035500000000000004 0.04933333333333333
0 0.10575 0.45622222222222225 0.0505 0.10711111111111112
0 0.31725000000000003 0.45022222222222225 0.0665 0.13244444444444445
