0 0.408625 0.5955555555555556 0.02725 0.06222222222222223
0 0.46075 0.6888888888888889 0.0395 0.0648888888888889
0 0.456625 0.5793333333333334 0.02675 0.08488888888888889
0 0.49062500000000003 0.5475555555555556 0.029750000000000002 0.05777777777777778
0 0.3245 0.6268888888888889 0.061 0.06711111111111111
0 0.33925 0.534888888888889 0.0305 0.06533333333333334
0 0.420875 0.5013333333333334 0.04275 0.051555555555555556
0 0.261375 0.5257777777777778 0.06275 0.08888888888888889
0 0.296125 0.4431111111111111 0.02675 0.035555555555555556
0 0.533875 0.5033333333333334 0.02425 0.059111111111111114
