0 0.42675 0.7604444444444445 0.0555 0.07377777777777778
0 0.352375 0.7946666666666667 0.01725 0.060444444444444446
0 0.30275 0.5828888888888889 0.043000000000000003 0.07155555555555555
0 0.753375 0.39533333333333337 0.02625 0.03955555555555556
0 0.68125 0.2817777777777778 0.018000000000000002 0.044444444444444446
0 0.5786250000000001 0.23 0.03125 0.04933333333333333
0 0.45225 0.3011111111111111 0.043500000000000004 0.10533333333333333
0 0.340875 0.42733333333333334 0.02375 0.06888888888888889
0 0.309625 0.43488888888888894 0.04425 0.10355555555555557
0 0.41475 0.4391111111111111 0.0125 0.048
0 0.514125 0.20644444444444446 0.06375 0.06177777777777778
