0 0.16275 0.5797777777777778 0.05 0.07511111111111111
0 0.295 0.7657777777777778 0.051500000000000004 0.06133333333333334
0 0.36062500000000003 0.8108888888888889 0.03275 0.052000000000000005
0 0.843875 0.6331111111111112 0.02925 0.05466666666666667
0 0.8935000000000001 0.5113333333333333 0.02 0.03422222222222222
0 0.528375 0.8371111111111111 0.13575 0.10533333333333333
0 0.636375 0.26555555555555554 0.15275 0.2617777777777778
0 0.47875 0.3691111111111111 0.145 0.22977777777777778
0 0.32175 0.3791111111111111 0.14200000000000002 0.1608888888888889
0 0.44325000000000003 0.6148888888888889 0.028 0.04133333333333333
0 0.486 0.5771111111111111 0.0235 0.04666666666666667
0 0.39987500000000004 0.5588888888888889 0.025750000000000002 0.043111111111111114
0 0.342375 0.5880000000000001 0.02925 0.04533333333333334
0 0.3935 0.7011111111111111 0.047 0.043111111111111114
0 0.65025 0.8482222222222222 0.035 0.060888888888888895
0 0.503125 0.1888888888888889 0.10625 0.12533333333333335
0 0.36175 0.248 0.079 0.08977777777777778
0 0.18275 0.4028888888888889 0.11850000000000001 0.12311111111111112
