0 0.524875 0.8148888888888889 0.059750000000000004 0.10622222222222223
0 0.45587500000000003 0.7731111111111112 0.03675 0.059111111111111114
0 0.513125 0.3557777777777778 0.04875 0.1088888888888889
0 0.49262500000000004 0.2575555555555556 0.04925 0.06266666666666668
0 0.7895 0.45511111111111113 0.0555 0.09777777777777778
0 0.84775 0.32933333333333337 0.0625 0.09511111111111112
0 0.8718750000000001 0.5735555555555556 0.06175 0.10266666666666667
0 0.9055 0.4866666666666667 0.0445 0.08888888888888889
0 0.933625 0.5595555555555556 0.04225 0.07911111111111112
0 0.3355 0.25533333333333336 0.0825 0.08311111111111112
