0 0.6238750000000001 0.3155555555555556 0.05225 0.06311111111111112
0 0.61375 0.3864444444444445 0.0375 0.07155555555555555
0 0.656875 0.4286666666666667 0.05675 0.1088888888888889
0 0.703375 0.7022222222222223 0.04575 0.09511111111111112
0 0.504875 0.6504444444444445 0.04725 0.08755555555555555
0 0.47175 0.8155555555555556 0.045 0.08533333333333334
0 0.326 0.5828888888888889 0.0425 0.05466666666666667
0 0.27175 0.6384444444444445 0.0425 0.06444444444444444
0 0.1405 0.5173333333333333 0.08650000000000001 0.09155555555555556
0 0.090875 0.5642222222222223 0.043250000000000004 0.04933333333333333
0 0.159 0.6344444444444445 0.0235 0.051111111111111114
0 0.9655 0.5866666666666667 0.055 0.12088888888888889
0 0.88825 0.7222222222222222 0.057 0.11377777777777778
0 0.460625 0.8975555555555556 0.04525 0.06177777777777778
0 0.3965 0.9517777777777778 0.073 0.08133333333333334
0 0.46037500000000003 0.6026666666666667 0.02075 0.044444444444444446
