0 0.3107100823852491 0.48531089560752994 0.024323264025107885 0.02538505419281232
0 0.30364848960376617 0.3552481460353679 0.021184778344448804 0.023103251568739304
0 0.3032561788936838 0.3909013120365088 0.026677128285602196 0.016828294352538506
0 0.3779913691643782 0.4239874500855676 0.01922322479403688 0.013976041072447232
0 0.19262455865045117 0.5242441528807757 0.07846214201647705 0.04335424985738733
0 0.1728128677912907 0.6112378779235595 0.016084739113377794 0.015402167712492868
0 0.2314633189486073 0.6289218482601254 0.058061985092193014 0.06788362806617228
0 0.3589642997253825 0.47304620650313745 0.04472342094939192 0.020821448944666286
0 0.31698705374656727 0.5939817455790074 0.024323264025107885 0.01625784369652025
0 0.3195370733621028 0.558471192241871 0.031777167516673206 0.02224757558471192
0 0.37583366025892506 0.5427837992013691 0.05727736367202824 0.052481460353679406
0 0.21694782267555904 0.3904734740444951 0.04472342094939192 0.05647461494580718
