0 0.525625 0.4117777777777778 0.03625 0.092
0 0.36875 0.18155555555555555 0.032 0.059111111111111114
0 0.522625 0.7157777777777778 0.10325000000000001 0.11422222222222222
0 0.5235 0.8093333333333333 0.0335 0.052444444444444446
0 0.600625 0.7731111111111112 0.051250000000000004 0.10355555555555557
0 0.67425 0.7533333333333334 0.046 0.044444444444444446
0 0.396125 0.6151111111111112 0.11175 0.1431111111111111
0 0.256625 0.518888888888889 0.03125 0.06177777777777778
0 0.261375 0.6231111111111112 0.021750000000000002 0.025777777777777778
0 0.27275 0.7411111111111112 0.026000000000000002 0.04133333333333333
0 0.34400000000000003 0.7311111111111112 0.023 0.059555555555555556
0 0.381875 0.7131111111111111 0.02925 0.043111111111111114
0 0.31625000000000003 0.7537777777777778 0.0285 0.04088888888888889
0 0.15937500000000002 0.4897777777777778 0.03125 0.05777777777777778
