0 0.40475 0.6742222222222223 0.068 0.10400000000000001
0 0.49975 0.40355555555555556 0.095 0.1831111111111111
0 0.6108750000000001 0.4415555555555556 0.03225 0.04933333333333333
0 0.35775 0.334 0.08 0.07333333333333333
0 0.29962500000000003 0.4148888888888889 0.03925 0.08488888888888889
0 0.14425 0.41444444444444445 0.03 0.044000000000000004
0 0.291 0.56 0.028 0.05066666666666667
0 0.146625 0.5131111111111112 0.02075 0.058222222222222224
0 0.6188750000000001 0.6546666666666667 0.02225 0.02666666666666667
0 0.5645 0.7037777777777778 0.023 0.04933333333333333
