0 0.59575 0.5631111111111111 0.022 0.051555555555555556
0 0.6825 0.4237777777777778 0.0265 0.052000000000000005
0 0.38425 0.4228888888888889 0.035500000000000004 0.04577777777777778
0 0.425875 0.43044444444444446 0.03125 0.06533333333333334
0 0.506 0.4246666666666667 0.08600000000000001 0.11244444444444444
0 0.5625 0.5433333333333333 0.032 0.04933333333333333
0 0.6315000000000001 0.49533333333333335 0.063 0.08666666666666667
0 0.516875 0.7762222222222223 0.07025 0.10977777777777778
0 0.5815 0.794 0.037 0.052000000000000005
0 0.4555 0.676 0.0405 0.05777777777777778
0 0.404125 0.7355555555555556 0.07775 0.08
0 0.38075000000000003 0.5282222222222223 0.066 0.11511111111111112
0 0.519625 0.5637777777777778 0.025750000000000002 0.04044444444444445
0 0.455625 0.5322222222222223 0.08275 0.10088888888888889
0 0.416625 0.604 0.04875 0.11111111111111112
0 0.672125 0.6162222222222222 0.03875 0.05466666666666667
0 0.287125 0.4897777777777778 0.025750000000000002 0.04088888888888889
