0 0.761 0.4577777777777778 0.025 0.05066666666666667
0 0.59275 0.36133333333333334 0.034 0.08533333333333334
0 0.638125 0.2515555555555556 0.03175 0.03822222222222223
0 0.733875 0.638888888888889 0.04875 0.068
0 0.851 0.6151111111111112 0.016 0.04177777777777778
0 0.8225 0.6724444444444445 0.03 0.048
0 0.538 0.42111111111111116 0.0335 0.05644444444444445
0 0.469375 0.3706666666666667 0.03075 0.06933333333333333
0 0.5565 0.3235555555555556 0.0325 0.05422222222222223
0 0.406875 0.4544444444444445 0.03625 0.05377777777777778
0 0.449875 0.49844444444444447 0.02225 0.03066666666666667
0 0.463625 0.7271111111111112 0.021750000000000002 0.037333333333333336
0 0.32 0.526 0.025 0.03688888888888889
0 0.328 0.5891111111111111 0.0175 0.042222222222222223
0 0.677625 0.6915555555555556 0.02725 0.03377777777777778
0 0.57675 0.26666666666666666 0.0225 0.037333333333333336
