0 0.49025 0.5304444444444445 0.0445 0.08311111111111112
0 0.723875 0.6804444444444445 0.06725 0.10577777777777778
0 0.815875 0.7926666666666667 0.08075 0.04933333333333333
0 0.369 0.7324444444444445 0.07150000000000001 0.12355555555555556
0 0.7262500000000001 0.5426666666666667 0.0375 0.06311111111111112
0 0.704875 0.436 0.03475 0.064
0 0.27275 0.3164444444444445 0.0375 0.0648888888888889
0 0.373375 0.2957777777777778 0.14875 0.11866666666666667
0 0.35025 0.44822222222222224 0.027 0.03688888888888889
0 0.185375 0.660888888888889 0.06375 0.13866666666666666
0 0.795 0.336 0.025 0.032
0 0.231 0.786888888888889 0.064 0.07155555555555555
