0 0.62775 0.5124444444444445 0.032 0.06666666666666667
0 0.356875 0.5173333333333333 0.03075 0.044444444444444446
0 0.342625 0.5651111111111111 0.02825 0.04844444444444445
0 0.29925 0.6082222222222222 0.021 0.03333333333333333
0 0.29675 0.5162222222222222 0.021500000000000002 0.04666666666666667
0 0.5660000000000001 0.3244444444444445 0.075 0.10488888888888889
0 0.535375 0.3675555555555556 0.05425 0.08
0 0.745 0.35155555555555557 0.025 0.036444444444444446
0 0.414125 0.3915555555555556 0.03125 0.029333333333333336
0 0.458 0.4137777777777778 0.035500000000000004 0.04177777777777778
0 0.23850000000000002 0.5402222222222223 0.0365 0.035111111111111114
0 0.26425 0.39866666666666667 0.023 0.04888888888888889
