0 0.39137500000000003 0.5093333333333333 0.11725000000000001 0.09422222222222222
0 0.24925 0.5297777777777778 0.067 0.06844444444444445
0 0.19225 0.6464444444444445 0.0535 0.09644444444444444
0 0.5545 0.6444444444444445 0.0675 0.18133333333333335
0 0.6052500000000001 0.5651111111111111 0.0335 0.043111111111111114
0 0.63725 0.6377777777777778 0.025500000000000002 0.051555555555555556
0 0.46425 0.364 0.053 0.08
0 0.39025 0.36200000000000004 0.0535 0.09377777777777778
0 0.318125 0.2948888888888889 0.08225 0.076
0 0.60925 0.8344444444444444 0.06 0.084
0 0.7095 0.6693333333333333 0.095 0.14755555555555555
0 0.675 0.7937777777777778 0.0455 0.0648888888888889
0 0.432375 0.2617777777777778 0.06475 0.06755555555555556
