0 0.785 0.6011111111111112 0.027 0.04844444444444445
0 0.63675 0.4317777777777778 0.021 0.04577777777777778
0 0.917625 0.42444444444444446 0.035250000000000004 0.060444444444444446
0 0.794375 0.798888888888889 0.02075 0.042222222222222223
0 0.527 0.8186666666666667 0.0765 0.24711111111111111
0 0.35050000000000003 0.916 0.122 0.11022222222222222
0 0.25225000000000003 0.8360000000000001 0.0285 0.04977777777777778
0 0.27525 0.4951111111111111 0.023 0.034666666666666665
0 0.08637500000000001 0.5575555555555556 0.08425 0.058222222222222224
0 0.274125 0.6677777777777778 0.051250000000000004 0.05555555555555556
