0 0.75575 0.5835555555555556 0.05 0.07022222222222223
0 0.513125 0.4088888888888889 0.04775 0.05866666666666667
0 0.675 0.2922222222222222 0.0685 0.076
0 0.71225 0.4068888888888889 0.0245 0.04577777777777778
0 0.25 0.46222222222222226 0.0315 0.10666666666666667
0 0.39275 0.45022222222222225 0.0585 0.03911111111111111
0 0.487 0.5862222222222222 0.0185 0.044444444444444446
0 0.567375 0.34800000000000003 0.06525 0.051555555555555556
0 0.635625 0.4013333333333334 0.02425 0.035555555555555556
0 0.4925 0.8095555555555556 0.08650000000000001 0.03955555555555556
0 0.594 0.4617777777777778 0.033 0.037333333333333336
0 0.29975 0.7811111111111112 0.075 0.06977777777777779
0 0.19575 0.6913333333333334 0.037 0.06177777777777778
