0 0.521375 0.34355555555555556 0.02875 0.052444444444444446
0 0.452375 0.77 0.23925000000000002 0.1488888888888889
0 0.35275 0.16311111111111112 0.0585 0.07733333333333334
0 0.254625 0.25422222222222224 0.11775000000000001 0.21066666666666667
0 0.13525 0.39955555555555555 0.048 0.044444444444444446
0 0.154875 0.528888888888889 0.05275 0.07466666666666667
0 0.28525 0.5746666666666667 0.043500000000000004 0.04711111111111111
0 0.396 0.5713333333333334 0.0365 0.06355555555555556
0 0.25075000000000003 0.752 0.05 0.05333333333333334
0 0.34775 0.5022222222222222 0.03 0.07733333333333334
0 0.317625 0.41955555555555557 0.11475 0.05511111111111111
0 0.162625 0.654888888888889 0.05225 0.06444444444444444
0 0.062875 0.43644444444444447 0.059750000000000004 0.08888888888888889
0 0.3595 0.29200000000000004 0.075 0.10933333333333334
