0 0.3795 0.6093333333333334 0.021500000000000002 0.048
0 0.48562500000000003 0.6624444444444445 0.02425 0.043111111111111114
0 0.440125 0.4877777777777778 0.03475 0.07155555555555555
0 0.396125 0.4266666666666667 0.02425 0.04088888888888889
0 0.18675 0.6075555555555556 0.0415 0.037333333333333336
0 0.58075 0.6064444444444445 0.021500000000000002 0.03688888888888889
0 0.5836250000000001 0.5211111111111112 0.01875 0.03955555555555556
0 0.50625 0.4317777777777778 0.0195 0.036000000000000004
0 0.598625 0.46311111111111114 0.04725 0.05688888888888889
0 0.55625 0.4231111111111111 0.032 0.04088888888888889
0 0.12325 0.4915555555555556 0.027 0.032
0 0.112125 0.5242222222222223 0.029750000000000002 0.043111111111111114
