0 0.663125 0.24133333333333334 0.059250000000000004 0.13955555555555557
0 0.47275 0.4222222222222222 0.0415 0.059555555555555556
0 0.709875 0.4597777777777778 0.02275 0.04577777777777778
0 0.781375 0.6851111111111111 0.025750000000000002 0.04933333333333333
0 0.130625 0.6477777777777778 0.04875 0.06622222222222222
0 0.168125 0.7155555555555556 0.03625 0.04177777777777778
0 0.341125 0.19022222222222224 0.10375000000000001 0.07555555555555556
0 0.488375 0.12044444444444445 0.07575 0.048
0 0.179875 0.42888888888888893 0.07825 0.13155555555555556
0 0.31775000000000003 0.39733333333333337 0.044 0.08177777777777778
0 0.269625 0.2617777777777778 0.04925 0.056
0 0.574875 0.6751111111111111 0.04275 0.18933333333333335
0 0.637 0.5975555555555556 0.021500000000000002 0.04666666666666667
0 0.766875 0.2995555555555556 0.04225 0.07555555555555556
0 0.5525 0.8262222222222223 0.1255 0.056
0 0.82775 0.7631111111111112 0.051000000000000004 0.11022222222222222
