0 0.88125 0.5251111111111111 0.06 0.08222222222222222
0 0.853875 0.6697777777777778 0.04075 0.07733333333333334
0 0.7721250000000001 0.6940000000000001 0.03275 0.052000000000000005
0 0.20475000000000002 0.4226666666666667 0.0335 0.04088888888888889
0 0.301 0.644 0.0335 0.056
0 0.23275 0.6097777777777778 0.0285 0.028444444444444446
0 0.361375 0.7497777777777778 0.04425 0.059555555555555556
0 0.47775 0.656 0.03 0.059555555555555556
0 0.5327500000000001 0.6502222222222223 0.037 0.05066666666666667
0 0.47450000000000003 0.7542222222222222 0.0835 0.06844444444444445
0 0.570625 0.7562222222222222 0.07875 0.12311111111111112
0 0.656375 0.7637777777777778 0.04125 0.06977777777777779
0 0.9101250000000001 0.41733333333333333 0.04175 0.07022222222222223
