0 0.636125 0.8144444444444445 0.08475 0.13466666666666668
0 0.526375 0.2346666666666667 0.05825 0.11111111111111112
0 0.687125 0.14755555555555555 0.043750000000000004 0.07288888888888889
0 0.42275 0.23 0.032 0.06177777777777778
0 0.29325 0.3848888888888889 0.083 0.0808888888888889
0 0.3245 0.6137777777777778 0.1105 0.18044444444444446
0 0.47850000000000004 0.5908888888888889 0.167 0.23422222222222222
0 0.478125 0.7455555555555556 0.07975 0.07244444444444445
0 0.373625 0.8015555555555556 0.11675 0.18000000000000002
0 0.2305 0.6017777777777779 0.121 0.304
0 0.353125 0.19266666666666668 0.02425 0.052000000000000005
