0 0.5201250000000001 0.6162222222222222 0.05425 0.10355555555555557
0 0.642 0.5731111111111111 0.034 0.07155555555555555
0 0.6455 0.402 0.034 0.05555555555555556
0 0.6145 0.49288888888888893 0.0235 0.044444444444444446
0 0.574625 0.512 0.029750000000000002 0.060444444444444446
0 0.443625 0.27311111111111114 0.06525 0.059111111111111114
0 0.37075 0.4568888888888889 0.0305 0.05422222222222223
0 0.41975 0.6206666666666667 0.023 0.058222222222222224
0 0.47150000000000003 0.7262222222222222 0.0305 0.05422222222222223
0 0.5760000000000001 0.7248888888888889 0.023 0.03911111111111111
0 0.5645 0.642 0.022 0.03955555555555556
0 0.613125 0.7106666666666667 0.02625 0.05066666666666667
0 0.62775 0.8144444444444445 0.036000000000000004 0.04044444444444445
0 0.26625 0.45311111111111113 0.021500000000000002 0.03955555555555556
