0 0.57175 0.37644444444444447 0.022 0.06222222222222223
0 0.6085 0.4488888888888889 0.0455 0.07466666666666667
0 0.522875 0.5804444444444444 0.025750000000000002 0.05333333333333334
0 0.500625 0.41955555555555557 0.03275 0.05511111111111111
0 0.581375 0.5646666666666667 0.02425 0.10533333333333333
0 0.176 0.3611111111111111 0.032 0.04666666666666667
0 0.371375 0.5948888888888889 0.07575 0.15866666666666668
0 0.401375 0.44 0.08125 0.18133333333333335
0 0.367 0.7142222222222222 0.0415 0.059555555555555556
0 0.555 0.6453333333333333 0.0285 0.035555555555555556
0 0.52325 0.6864444444444445 0.015 0.03422222222222222
