0 0.32825 0.34644444444444444 0.037 0.07777777777777778
0 0.36312500000000003 0.5342222222222223 0.051250000000000004 0.08533333333333334
0 0.356875 0.628 0.04875 0.07022222222222223
0 0.417625 0.5304444444444445 0.03425 0.07244444444444445
0 0.476625 0.5371111111111111 0.04525 0.08133333333333334
0 0.44675000000000004 0.3651111111111111 0.02 0.04577777777777778
0 0.424875 0.28222222222222226 0.01675 0.05066666666666667
0 0.433875 0.2088888888888889 0.07075000000000001 0.051555555555555556
0 0.50625 0.22311111111111112 0.018000000000000002 0.048
0 0.544 0.28800000000000003 0.023 0.05688888888888889
0 0.5975 0.2575555555555556 0.0505 0.09022222222222223
0 0.784375 0.37533333333333335 0.02425 0.04933333333333333
0 0.71025 0.39822222222222226 0.0695 0.1297777777777778
0 0.699125 0.5582222222222223 0.04725 0.08177777777777778
0 0.77275 0.618 0.0445 0.11244444444444444
0 0.8406250000000001 0.5762222222222223 0.08825 0.16666666666666669
0 0.730125 0.6891111111111111 0.03275 0.05466666666666667
0 0.6305000000000001 0.5277777777777778 0.032 0.04666666666666667
0 0.521 0.38733333333333336 0.045 0.0928888888888889
0 0.54725 0.48200000000000004 0.0625 0.08666666666666667
