0 0.28400000000000003 0.5395555555555556 0.075 0.05422222222222223
0 0.29575 0.6891111111111111 0.0415 0.0768888888888889
0 0.35725 0.7068888888888889 0.0465 0.06533333333333334
0 0.441875 0.6046666666666667 0.03275 0.06533333333333334
0 0.46975 0.6471111111111112 0.041 0.022222222222222223
0 0.524875 0.6555555555555556 0.02775 0.044444444444444446
0 0.50925 0.5871111111111111 0.021500000000000002 0.07022222222222223
0 0.65925 0.47555555555555556 0.035500000000000004 0.05688888888888889
0 0.41225 0.30044444444444446 0.064 0.06133333333333334
0 0.607875 0.5346666666666667 0.03125 0.032
0 0.10625 0.6206666666666667 0.05 0.05288888888888889
