0 0.23600000000000002 0.5142222222222222 0.043000000000000003 0.07288888888888889
0 0.43112500000000004 0.4902222222222222 0.02925 0.06666666666666667
0 0.40375 0.48844444444444446 0.02 0.07022222222222223
0 0.32525 0.38533333333333336 0.0175 0.032
0 0.4275 0.27822222222222226 0.043000000000000003 0.04088888888888889
0 0.606375 0.26511111111111113 0.02775 0.043111111111111114
0 0.625625 0.4377777777777778 0.05275 0.060444444444444446
0 0.731625 0.45511111111111113 0.03125 0.060444444444444446
0 0.817625 0.4475555555555556 0.02725 0.060444444444444446
0 0.787375 0.4588888888888889 0.07375 0.1471111111111111
0 0.74125 0.5242222222222223 0.041 0.04044444444444445
0 0.469125 0.5820000000000001 0.02425 0.04666666666666667
0 0.5493750000000001 0.47000000000000003 0.03975 0.07244444444444445
0 0.432875 0.3977777777777778 0.043750000000000004 0.08622222222222223
0 0.403625 0.7471111111111112 0.05625 0.06933333333333333
0 0.47075 0.7137777777777778 0.018000000000000002 0.027555555555555555
0 0.646 0.7444444444444445 0.05 0.04977777777777778
0 0.731875 0.322 0.03475 0.05555555555555556
0 0.668 0.29444444444444445 0.064 0.08311111111111112
0 0.642 0.378 0.116 0.10355555555555557
0 0.49375 0.42600000000000005 0.049 0.11333333333333334
0 0.49775 0.2717777777777778 0.029500000000000002 0.05288888888888889
