0 0.411375 0.3582222222222222 0.03275 0.04177777777777778
0 0.329625 0.37 0.02225 0.05555555555555556
0 0.263875 0.42133333333333334 0.02075 0.032
0 0.22012500000000002 0.4613333333333334 0.01675 0.028444444444444446
0 0.242 0.36733333333333335 0.038 0.04755555555555556
0 0.375625 0.48600000000000004 0.02225 0.03333333333333333
0 0.369 0.6048888888888889 0.03 0.06577777777777778
0 0.648875 0.660888888888889 0.01325 0.023111111111111114
0 0.533125 0.6831111111111111 0.04825 0.032
0 0.5735 0.39066666666666666 0.021 0.04533333333333334
0 0.33187500000000003 0.6864444444444445 0.05275 0.03955555555555556
0 0.416625 0.7231111111111111 0.02625 0.035555555555555556
0 0.457625 0.7026666666666667 0.02925 0.044444444444444446
