0 0.176 0.4386666666666667 0.058 0.10044444444444445
0 0.50425 0.404 0.05 0.08622222222222223
0 0.636875 0.34511111111111115 0.08775000000000001 0.11777777777777779
0 0.759625 0.4617777777777778 0.06925 0.09777777777777778
0 0.813625 0.5860000000000001 0.06475 0.09466666666666668
0 0.21875 0.6304444444444445 0.1045 0.15244444444444444
0 0.613625 0.7711111111111112 0.051250000000000004 0.043555555555555556
0 0.76275 0.6953333333333334 0.03 0.03955555555555556
0 0.670625 0.5688888888888889 0.035750000000000004 0.05066666666666667
0 0.598125 0.6068888888888889 0.06075 0.04577777777777778
