0 0.9035 0.48333333333333334 0.047 0.06711111111111111
0 0.848375 0.5255555555555556 0.04575 0.08133333333333334
0 0.8285 0.4231111111111111 0.0385 0.07644444444444445
0 0.7485 0.5695555555555556 0.0455 0.05733333333333333
0 0.633625 0.5293333333333333 0.04575 0.07822222222222222
0 0.6657500000000001 0.3235555555555556 0.046 0.048
0 0.572375 0.3626666666666667 0.06775 0.16355555555555557
0 0.377 0.32955555555555555 0.04 0.09022222222222223
0 0.504875 0.33533333333333337 0.035750000000000004 0.058222222222222224
0 0.529625 0.48888888888888893 0.03775 0.08355555555555556
0 0.58425 0.626 0.03 0.06355555555555556
0 0.49562500000000004 0.624 0.07125000000000001 0.09777777777777778
0 0.548875 0.7411111111111112 0.03625 0.052000000000000005
0 0.263875 0.6268888888888889 0.05625 0.06977777777777779
0 0.389625 0.8402222222222223 0.04775 0.052000000000000005
0 0.089375 0.5904444444444444 0.11975000000000001 0.10711111111111112
