0 0.731 0.5635555555555556 0.029500000000000002 0.09066666666666667
0 0.5235 0.3117777777777778 0.04 0.03688888888888889
0 0.652625 0.37822222222222224 0.02825 0.04533333333333334
0 0.5523750000000001 0.40955555555555556 0.03075 0.04666666666666667
0 0.5816250000000001 0.3746666666666667 0.01925 0.04088888888888889
0 0.573125 0.5173333333333333 0.03925 0.06222222222222223
0 0.349625 0.4026666666666667 0.04075 0.056
0 0.398125 0.5417777777777778 0.04625 0.044444444444444446
0 0.662125 0.7011111111111111 0.05725 0.04044444444444445
0 0.35275 0.6646666666666667 0.0385 0.052000000000000005
0 0.365 0.7417777777777778 0.0285 0.07111111111111111
0 0.41775 0.756 0.0265 0.03822222222222223
0 0.45637500000000003 0.788888888888889 0.03875 0.051555555555555556
0 0.534625 0.7195555555555556 0.07225 0.14577777777777778
