0 0.707125 0.35111111111111115 0.04275 0.059555555555555556
0 0.6425 0.4713333333333334 0.0235 0.059111111111111114
0 0.675625 0.5264444444444445 0.02875 0.05466666666666667
0 0.133 0.6733333333333333 0.0235 0.04533333333333334
0 0.22212500000000002 0.6666666666666667 0.04425 0.05333333333333334
0 0.36312500000000003 0.6413333333333333 0.04225 0.05333333333333334
0 0.38775 0.5113333333333333 0.04 0.06977777777777779
0 0.362875 0.388 0.035750000000000004 0.052444444444444446
0 0.41525 0.37333333333333335 0.043500000000000004 0.05866666666666667
0 0.4835 0.6424444444444445 0.037 0.060888888888888895
0 0.532375 0.7511111111111112 0.04225 0.06755555555555556
