0 0.395125 0.61 0.03325 0.06177777777777778
0 0.404375 0.5068888888888889 0.03825 0.07511111111111111
0 0.479125 0.5537777777777778 0.02625 0.06311111111111112
0 0.440125 0.6046666666666667 0.02925 0.06533333333333334
0 0.308 0.6362222222222222 0.0645 0.06266666666666668
0 0.44675000000000004 0.6984444444444444 0.045 0.07777777777777778
0 0.32425 0.5395555555555556 0.0485 0.06666666666666667
0 0.242625 0.5284444444444445 0.05625 0.08355555555555556
0 0.550875 0.4326666666666667 0.07525 0.132
0 0.314625 0.3642222222222222 0.03475 0.03955555555555556
