0 0.662 0.48355555555555557 0.041 0.06755555555555556
0 0.5915 0.5131111111111112 0.025 0.03066666666666667
0 0.606125 0.6051111111111112 0.03475 0.05644444444444445
0 0.527375 0.404 0.03275 0.05688888888888889
0 0.8035 0.6511111111111112 0.0175 0.03377777777777778
0 0.753375 0.6337777777777778 0.06125 0.10400000000000001
0 0.7785 0.4808888888888889 0.05 0.08266666666666667
0 0.8155 0.6044444444444445 0.0145 0.031111111111111114
0 0.689125 0.7162222222222222 0.01875 0.029777777777777778
0 0.821125 0.4877777777777778 0.01325 0.027111111111111114
0 0.49012500000000003 0.516888888888889 0.02225 0.03822222222222223
0 0.501 0.6824444444444445 0.025500000000000002 0.04933333333333333
0 0.634625 0.7617777777777778 0.03625 0.032
