0 0.50625 0.43488888888888894 0.05 0.08133333333333334
0 0.437 0.3568888888888889 0.07150000000000001 0.09422222222222222
0 0.4475 0.47422222222222227 0.0395 0.051555555555555556
0 0.62075 0.3897777777777778 0.025 0.035555555555555556
0 0.659875 0.3148888888888889 0.06325 0.05644444444444445
0 0.388875 0.44733333333333336 0.05275 0.08933333333333333
0 0.350875 0.5022222222222222 0.025750000000000002 0.06755555555555556
0 0.33475 0.6144444444444445 0.0225 0.08044444444444444
0 0.369625 0.6397777777777778 0.043750000000000004 0.06177777777777778
0 0.2715 0.48844444444444446 0.025 0.025777777777777778
0 0.255875 0.528 0.02025 0.035555555555555556
0 0.21725 0.5295555555555556 0.029 0.04044444444444445
0 0.48712500000000003 0.7200000000000001 0.01725 0.037333333333333336
