0 0.4244801883091408 0.6172276098117513 0.028246371125931737 0.022818026240730177
0 0.36798744605727735 0.5088419851682829 0.029815613966261277 0.01825442099258414
0 0.377795213809337 0.53593839132915 0.03530796390741467 0.03308613804905875
0 0.4497842291094547 0.5537649743297205 0.03334641035700275 0.023673702224757558
0 0.38642604943114944 0.4513690815744438 0.03530796390741467 0.029948659440958356
0 0.35013730874852883 0.4811751283513976 0.02314633189486073 0.017113519680547633
0 0.3158101216163201 0.45579007415858525 0.03216947822675559 0.017683970336565887
0 0.31208316987053747 0.49130062749572156 0.02706943899568458 0.01911009697661152
0 0.25931737936445665 0.4850256702795208 0.03766182816790899 0.01911009697661152
0 0.31345625735582583 0.6520250998288648 0.023538642604943115 0.021677124928693666
0 0.36308356218124754 0.30333713633770676 0.02471557473519027 0.02424415288077581
